0  0  0  0  0  0  0  0  0  0  0  0  0  82  122  37  0  5  0  0  0  0  0  0  0  0  0  0  
0  0  0  0  0  0  0  0  0  0  2  0  38  100  28  121  0  1  0  0  0  0  0  0  0  0  0  0  
0  0  0  0  0  0  0  0  0  0  5  0  86  43  0  136  15  0  2  0  0  0  0  0  0  0  0  0  
0  0  0  0  0  0  0  0  0  0  2  0  104  30  0  102  40  0  3  0  0  0  0  0  0  0  0  0  
0  0  0  0  0  0  0  0  0  3  0  0  111  2  0  73  81  0  4  0  0  0  0  0  0  0  0  0  
0  0  0  0  0  0  0  0  0  2  0  17  87  0  0  45  81  0  4  0  0  0  0  0  0  0  0  0  
0  0  0  0  0  0  0  0  0  4  0  54  90  0  0  24  92  0  4  0  0  0  0  0  0  0  0  0  
0  0  0  0  0  0  0  0  0  3  0  76  30  0  0  0  93  0  0  0  0  0  0  0  0  0  0  0  
0  0  0  0  0  0  0  0  0  1  0  74  0  0  0  0  86  0  0  1  0  0  0  0  0  0  0  0  
0  0  0  0  0  0  0  0  0  0  0  109  0  0  1  0  86  11  0  2  0  0  0  0  0  0  0  0  
0  0  0  0  0  0  0  0  2  0  31  79  0  2  2  0  115  38  0  4  0  0  0  0  0  0  0  0  
0  0  0  0  0  0  0  0  5  0  66  90  0  1  1  0  136  58  0  5  0  0  0  0  0  0  0  0  
0  0  0  0  0  0  0  0  5  0  82  136  0  3  4  0  195  76  0  5  0  0  0  0  0  0  0  0  
0  0  0  0  0  0  0  0  0  0  95  166  0  0  0  0  144  80  0  0  0  0  0  0  0  0  0  0  
0  0  0  0  0  0  0  0  0  45  145  191  20  65  68  40  148  159  79  60  0  0  0  0  0  0  0  0  
0  0  0  0  0  0  0  0  70  228  173  214  208  211  215  216  204  204  211  164  3  0  0  0  0  0  0  0  
0  0  0  0  0  0  0  0  57  176  167  205  199  190  193  195  193  196  183  182  0  0  0  0  0  0  0  0  
0  0  0  0  0  0  0  0  80  200  186  219  204  191  204  210  204  205  189  184  0  0  0  0  0  0  0  0  
0  0  0  0  0  0  0  0  145  170  173  188  202  202  219  211  204  212  198  220  0  0  0  0  0  0  0  0  
0  0  0  0  0  0  0  0  174  174  188  192  211  210  215  217  214  219  192  248  0  0  0  0  0  0  0  0  
0  0  0  0  0  0  0  0  180  190  175  158  209  209  211  217  215  214  190  249  4  0  0  0  0  0  0  0  
0  0  0  0  0  0  0  0  184  188  180  210  209  205  218  216  212  208  195  253  16  0  0  0  0  0  0  0  
0  0  0  0  0  0  0  0  183  201  172  203  206  208  216  215  213  213  196  255  26  0  0  0  0  0  0  0  
0  0  0  0  0  0  0  0  180  215  184  199  214  219  227  218  219  223  200  228  40  0  0  0  0  0  0  0  
0  0  0  0  0  0  0  0  187  218  185  206  216  215  221  229  219  218  200  232  53  0  0  0  0  0  0  0  
0  0  0  0  0  0  0  0  184  207  188  198  217  165  146  214  214  214  200  231  57  0  0  0  0  0  0  0  
0  0  0  0  0  0  0  0  211  252  229  240  244  252  253  253  250  231  227  245  67  0  0  0  0  0  0  0  
0  0  0  0  0  0  0  0  109  171  157  163  161  167  160  149  142  145  145  149  11  0  0  0  0  0  0  0  
